0S,0C
0 0
6912 1
4010 1
3640 1
3625 1
4479 1
4473 1
3789 1
4476 1
1425 1
1413 1
1417 1
4392 1
3802 1
3719 1
3766 1
3714 1
4474 1
5257 1
3933 1
3712 1
5971 1
3948 1
3806 1
3789 1
5250 1
3936 1
3823 1
3719 1
1291 1
3632 1
3734 1
3699 1
4304 1
5136 1
5136 1
6520 1
6520 1
6514 1
6514 1
11468 1
4257 1
4363 1
6515 1
6514 1
6523 1
4424 1
3702 1
3698 1
10015 1
12609 1
12591 1
12521 1
12521 1
3719 1
3692 1
3731 1
4419 1
4483 1
3697 1
3700 1
3774 1
3753 1
5970 1
3791 1
3791 1
3783 1
3791 1
3791 1
4392 1
5216 1
3732 1
         934            1
         946            1
         912            1
        1667            1
2219 1
4439 1
4457 1
6595 1
6594 1
3737 1
3721 1
1318 1
1318 1
1318 1
4287 1
2939 1
3005 1
3960 1
4115 1
4125 1
2811 1
3340 1
4158 1
3321 1
5094 1
2742 1
3355 1
4219 1
2977 1
4174 1
5121 1
3341 1
4919 1
3811 1
3964 1
3671 1
3678 1
4446 1
4444 1
3663 1
3696 1
3732 1
3702 1
1298 1
1298 1
1298 1
3581 1
4540 1
3677 1
3695 1
4033 1
3673 1
1798 1
1886 1
3960 1
3962 1
4680 1
3963 1
3964 1
4763 1
3980 1
6914 1
3949 1
3975 1
3954 1
4429 1
4429 1
3671 1
3704 1
3668 1
3700 1
3677 1
3676 1
3704 1
3707 1
3695 1
3691 1
4297 1
3690 1
3697 1
3695 1
3696 1
6956 1
3703 1
3690 1
3692 1
3720 1
3706 1
3721 1
