262144000S,0C
68867813 2819
1001 1
2543 1
-2543 -1
970 1
970 1
12358 1
12395 1
-24753 -2
3239 1
4392 1
6165 1
11657 1
-11657 -1
11637 1
-11637 -1
14679 1
-14679 -1
950 1
1026 1
1138 1
12814 1
13121 1
-25935 -2
12810 1
-12810 -1
12719 1
-12719 -1
20090 1
-20090 -1
56663 1
12700 1
-69363 -2
1432 1
859 1
2566 1
857 1
9688 1
791 1
1661 1
8392 1
9700 1
10562 1
10972 1
13127 1
12475 1
15782 1
14840 1
14164 1
7937 1
776 1
4871 1
5998 1
9673 1
5678 1
14963 1
24602 1
731 1
13561 1
3921 1
899 1
3567 1
1136 1
13813 1
-13813 -1
8090 1
959 1
1067 1
4551 1
18382 1
4549 1
6801 1
18105 1
2570 1
6802 1
29750 1
-29750 -1
2476 1
22147 1
21981 1
25963 1
2522 1
582 1
4580 1
3606 1
6106 1
5309 1
31256 1
-31256 -1
37379 1
-37379 -1
3163 1
2544 1
2532 1
2562 1
1021 1
10426 1
7489 1
7631 1
9802 1
6393 1
6392 1
50080 1
914 1
915 1
1065 1
880 1
1246 1
-1246 -1
1582 1
1029 1
4025 1
783 1
31218 1
-31218 -1
1133 1
955 1
870 1
904 1
13452 1
22872 1
23986 1
4838 1
-4838 -1
1150 1
6406 1
24791 1
2543 1
2527 1
2554 1
9685 1
2520 1
10323 1
-9685 -1
51029 1
5915 1
7377 1
838 1
25022 1
807 1
890 1
35204 1
50143 1
6679 1
-35204 -1
870 1
3811 1
15540 1
913 1
1577 1
17993 1
6157 1
6303 1
6998 1
7404 1
995 1
9500 1
8718 1
10905 1
9405 1
4262 1
2565 1
14707 1
10112 1
13602 1
5555 1
1015 1
1073 1
1329 1
1340 1
858 1
8709 1
9284 1
906 1
6204 1
4821 1
10998 1
6907 1
9071 1
2703 1
8112 1
1087 1
1104 1
9146 1
11092 1
1152 1
15625 1
14844 1
8738 1
8171 1
854 1
10191 1
5557 1
866 1
985 1
-5557 -1
11433 1
12781 1
11308 1
13480 1
5429 1
11638 1
880 1
18587 1
9882 1
9769 1
14956 1
-14956 -1
31563 1
-31563 -1
13623 1
5485 1
32177 1
-32177 -1
1627325 1
18458 1
935 1
32500 1
-32500 -1
22386 1
25767 1
10992 1
34507 1
-34507 -1
833 1
33835 1
-33835 -1
18115 1
-18115 -1
11133 1
15477 1
11677 1
11677 1
11850 1
1057 1
11665 1
31781 1
16859 1
-31781 -1
12304 1
18552 1
1252 1
13189 1
13378 1
20033 1
14409 1
14141 1
787 1
1060 1
892 1
1205 1
3721 1
903 1
1406 1
1115 1
1542 1
1070 1
905 1
850 1
1011 1
14207 1
1091 1
927 1
1034 1
1032 1
1019 1
1080 1
1018 1
960 1
805 1
927 1
926 1
1091 1
1012 1
1009 1
2520 1
27540 1
30176 1
916 1
983 1
46176 1
979 1
1139 1
2013 1
1003 1
1169 1
1233 1
1407 1
1015 1
1067 1
1010 1
1072 1
1084 1
1080 1
1112 1
1116 1
1113 1
1836 1
2735 1
1555 1
974 1
1007 1
841 1
1000 1
1082 1
466 1
2574 1
2579 1
2585 1
2573 1
2565 1
4896 1
4003 1
6861 1
1273 1
1258 1
1245 1
1373 1
2206 1
2547 1
300735 1
14208 1
-14208 -1
664 1
3171 1
2312 1
1124 1
890 1
1383 1
1087 1
7843 1
7798 1
10006 1
8241 1
9470 1
2550 1
2550 1
2554 1
2545 1
2848 1
12505 1
12181 1
11299 1
997 1
8107 1
4729 1
7715 1
9439 1
704 1
90738 1
108903 1
108172 1
74221 1
114649 1
123914 1
939 1
1038 1
8950 1
2526 1
15409 1
22175 1
19174 1
39232 1
791 1
792 1
3574205 1
2705 1
59849 1
3315 1
2294 1
4440 1
3966 1
1095 1
822 1
951 1
18343 1
14272 1
-14272 -1
4258 1
1406 1
1863 1
4684 1
2706 1
7494 1
7494 1
20037 1
-20037 -1
825 1
4136 1
1180 1
1827 1
13006 1
39841 1
-52847 -2
1960 1
851 1
4531 1
892 1
4550 1
4542 1
5718 1
5078 1
6924 1
6924 1
9010 1
9013 1
6965 1
1561 1
656 1
806 1
486 1
6973 1
1051 1
4979 1
901 1
151561 1
-151561 -1
973 1
1077 1
954 1
2749 1
2772 1
2769 1
43372 1
6693 1
896 1
960 1
89079 1
45877 1
48122 1
48673 1
254080 1
4551 1
9191 1
10529 1
955 1
957 1
-1912 -2
6815 1
6880 1
661 1
548 1
566 1
339858 1
-339858 -1
4992 1
4990 1
11669 1
-11669 -1
943 1
13824 1
3913 1
4354 1
7458 1
-7458 -1
3208 1
17659 1
26635 1
-44294 -2
525627 1
-525627 -1
1042 1
-1042 -1
26913 1
-26913 -1
12069 1
7489 1
11888 1
11893 1
11903 1
2636 1
2624 1
2625 1
2637 1
2635 1
-55242 -5
8939 1
9426 1
11667 1
12798 1
117559 1
9760 1
1006 1
986 1
-1992 -2
110817 1
11687 1
11889 1
119789 1
225676 1
100330 1
5760 1
1520 1
225922 1
99441 1
2936 1
6356 1
8862 1
867 1
1053 1
934 1
-934 -1
994 1
-994 -1
18542 1
22395 1
4126 1
1113 1
-1113 -1
30071 1
2652 1
2636 1
2634 1
2632 1
2637 1
5711 1
3012 1
5585 1
4214 1
6611 1
6628 1
5224 1
7652 1
6329 1
8835 1
8697 1
7453 1
9504 1
7900 1
9784 1
10313 1
22148 1
514 1
8872 1
817 1
887 1
10138 1
14812 1
2671 1
10026 1
9945 1
16842 1
20028 1
21169 1
24880 1
23960 1
25809 1
30763 1
908 1
545 1
589 1
5157 1
5424 1
6980 1
6822 1
1671 1
13888 1
31286 1
-31286 -1
5778 1
6014 1
8386 1
9680 1
14001 1
222065 1
538 1
15252 1
15455 1
17568 1
929 1
571 1
5252 1
5111 1
7047 1
7013 1
965 1
1220 1
6424 1
6240 1
8738 1
300074 1
13154 1
13217 1
13236 1
2859 1
2850 1
2867 1
27497 1
8902 1
31943 1
-31943 -1
2700 1
36393 1
-27497 -1
-322382 -6
9750 1
-9750 -1
39182 1
46597 1
42885 1
34923 1
51534 1
862 1
1281 1
1728 1
3103 1
46486 1
-46486 -1
35294 1
