262144000S,0C
47246220 376
3797 1
3794 1
3800 1
4249 1
6074 1
3806 1
3804 1
3794 1
3801 1
6015 1
6013 1
3791 1
3796 1
3792 1
3788 1
3808 1
3796 1
3795 1
3791 1
3804 1
3802 1
3797 1
3811 1
3800 1
4338 1
4345 1
3800 1
939 1
3752 1
-151613 -39
2054 1
14724 1
28747 1
-28747 -1
-14724 -1
3703 1
3917 1
-3703 -1
-3917 -1
10627 1
24195 1
5423 1
6018 1
16054 1
19103 1
33679 1
-33679 -1
10753 1
-10753 -1
5829 1
27358 1
11085 1
-11085 -1
17075 1
11626 1
-11626 -1
11842 1
-11842 -1
14866 1
-14866 -1
9252 1
-9252 -1
14713 1
33656 1
11054 1
25234 1
8887 1
25367 1
-45308 -3
-25234 -1
8828 1
24578 1
18925 1
17116 1
33221 1
11496 1
14822 1
24494 1
9407 1
87225 1
14186 1
9801 1
8332 1
26877 1
32064 1
33013 1
26879 1
15426 1
2896 1
4986 1
4511 1
12168 1
5673 1
33445 1
24757 1
25582 1
26424 1
1970 1
13261 1
11826 1
10051 1
34760 1
94000 1
12496 1
3749 1
3783 1
14859 1
18330 1
4705 1
24668 1
23207 1
38423 1
29705 1
4803 1
31211 1
37334 1
6161 1
491476 1
19603 1
50160 1
50846 1
31276 1
19151 1
12280 1
13469 1
13466 1
22882 1
50291 1
34582 1
24857 1
25096 1
4327 1
14610 1
8119 1
31543 1
32157 1
32480 1
34487 1
29330 1
33815 1
31761 1
35803 1
4892 1
13028 1
10388 1
17632 1
27606 1
30309 1
10262 1
17596 1
31475 1
17770 1
9501 1
1970430 1
23246 1
18826 1
19298 1
13146 1
20456 1
39361 1
39977 1
19409 1
20601 1
10523 1
1220430 1
20601 1
13735 1
29151 1
8608 1
16062 1
31831 1
12655 1
26683 1
8946 1
117566 1
110824 1
32219 1
19792 1
6296193 1
18549 1
66168 1
30132 1
17344 1
8881 1
21060 1
31308 1
14008 1
27560 1
34806 1
10523 1
35337 1
